1439323776
1380004385
331002651
273523615
220892340
212559417
206139589
164689383
145934462
128932753
126476461
114963588
109581078
102334404
97338579
89561403
84339067
83992949
83783942
69799978
67886011
65273511
60461826
59734218
59308690
54409800
53771296
51269185
50882891
46754778
45741007
45195774
37742154
36910560
36910560
36910560
36910560
36910560
36910560
36910560
37742154
34813871
33469203
32365999
32971854
28435940
31072940
29825964
29136808
32866272
31255435
25499884
25778816
23816775
26378274
27691018
26545863
21413249
19237691
17134872
19116201
20903273
18776707
20250833
17643054
17915568
16718965
19129952
18383955
16743927
16425864
15893222
14862924
13132795
12952218
12123200
11818619
11584008
11326616
11673021
11402528
10423054
10708497
10196709
10099265
10847910
10139177
10203134
9890402
9660351
9449323
9537645
9006398
8654622
8655535
8278724
7976983
7500700
7275560
6811297
6948445
6948445
6871292
6825445
6624554
6524195
6486205
6031200
5850342
5792202
5540720
5459642
5421241
5106626
5101414
5094118
5057681
4937786
4829767
4822233
4649658
4314767
4270571
4105267
4033963
3989167
3546421
3473730
3280819
3278290
2963243
2961167
2881053
2877797
2722289
2540905
2416668
2351627
2225734
2142249
2077132
2078938
1901548
1701575
1402985
1399488
1326535
1318445
1271768
1207359
1160164
988000
896445
869601
786552
771608
686884
649335
628066
625978
597339
586632
555987
548914
540544
441543
437479
397628
393244
341243
307145
287375
219159
198414
183627
119449
112523
105695
98347
97929
77265
71986
71986
59190
53199
39242
38128
33931
18058
10824
11792
825